4294967294,5
4294967294,161
4294967294,185
4294967294,162
4294967294,1160
161,5
4294967294,1156
4294967294,1082
4294967294,1080
4294967294,1079
4294967294,1077
4294967294,1074
4294967294,1075
4294967294,1157
4294967294,1073
4294967294,1072
4294967294,1069
4294967294,1068
4294967294,1066
4294967294,1071
4294967294,1154
4294967294,1152
4294967294,1155
4294967294,1420
4294967294,401
4294967294,422
4294967294,438
4294967294,182
4294967294,176
4294967294,173
4294967294,170
4294967294,1159
4294967294,163
4294967294,190
4294967294,1419
4294967294,81
4294967294,1163
4294967294,68
4294967294,11
91,6
2,51
2,40
2,44
2,37
2,152
4294967278,244
133,4
2,98
2,97
2,10
2,9
2,95
2,94
2,93
2,6
2,5
2,4
2,92
2,151
2,91
2,150
2,90
2,149
2,89
2,148
2,88
2,147
2,87
2,146
2,86
2,145
2,85
2,144
2,84
2,143
2,83
2,142
2,82
2,141
2,81
2,140
2,80
2,139
2,79
2,138
2,78
2,137
2,77
2,136
2,76
2,135
2,75
2,134
2,74
2,133
2,73
2,132
2,72
2,131
2,71
2,130
2,70
2,129
2,69
2,127
2,68
2,126
2,67
2,125
2,66
2,124
2,65
2,123
2,64
2,122
2,36
2,121
2,35
2,120
2,34
2,119
2,33
2,118
2,32
2,117
2,31
2,128
2,30
2,116
2,29
2,115
2,28
2,114
2,27
2,113
2,26
2,112
2,25
2,111
2,24
2,110
2,23
2,109
2,22
2,108
2,21
2,107
2,20
2,106
2,19
2,105
2,18
2,104
2,17
2,103
2,16
2,102
2,15
2,101
2,14
2,100
2,13
2,99
2,12
2,11
2,96
2,8
2,7
4294967278,132
4294967278,131
4294967278,130
4294967278,129
4294967278,128
4294967278,127
4294967278,126
4294967278,125
4294967278,124
4294967278,123
4294967278,122
4294967278,121
4294967278,120
4294967278,119
4294967278,118
4294967278,116
4294967278,115
4294967278,112
4294967278,233
4294967278,111
4294967278,231
4294967278,110
4294967278,109
4294967278,108
4294967278,107
4294967278,106
4294967278,105
4294967278,104
4294967278,103
4294967278,102
4294967278,101
4294967278,100
4294967278,99
4294967278,98
4294967278,97
4294967278,96
4294967278,95
4294967278,94
4294967278,93
4294967278,92
4294967278,91
4294967278,90
4294967278,89
4294967278,87
4294967278,86
4294967278,85
4294967278,84
4294967278,83
4294967278,82
4294967278,81
4294967278,80
4294967278,79
4294967278,78
4294967278,77
4294967278,76
4294967278,75
4294967278,74
4294967278,73
4294967278,72
4294967278,71
4294967278,70
4294967278,69
4294967278,68
4294967278,67
4294967278,66
4294967278,65
4294967278,64
4294967279,90
4294967279,86
4294967279,84
4294967279,82
4294967279,77
4294967279,75
4294967279,71
4294967279,69
4294967279,66
4294967279,65
4294967279,64
4294967279,62
4294967279,61
4294967279,59
4294967279,57
4294967279,55
4294967279,51
4294967279,48
4294967279,46
4294967279,45
4294967279,42
4294967279,41
4294967279,40
4294967279,36
4294967279,33
4294967279,29
4294967279,26
4294967279,25
4294967279,24
4294967279,23
4294967279,21
4294967279,20
4294967279,17
4294967279,13
4294967279,8
4294967279,7
4294967279,6
4294967279,5
4294967279,4
132,4
4294967294,1450
4294967294,52
4294967294,155
4294967294,1437
4294967294,390
2,3
4294967278,117
4294967278,242
4294967278,243
2,47
4294967278,240
2,0
0,7
4294967294,1166
4294967294,430
4294967294,46
4294967294,1422
4294967294,8
0,5
4294967294,17
4294967294,99
4294967294,41
4294967294,9
4294967278,113
4294967294,67
4294967294,1
4294967294,487
4294967294,2
4294967294,0
4294967278,236
4294967294,92
4294967294,88
4294967294,86
4294967294,158
4294967294,419
4294967294,28
4294967294,27
4294967294,25
4294967294,156
4294967294,26
4294967294,53
4294967294,1433
4294967294,51
4294967294,1442
4294967294,43
4294967294,1167
4294967278,357
4294967294,93
4294967294,1445
4294967294,95
4294967294,1447
4294967294,7
4294967278,114
4294967278,382
2,1
2,2
4294967294,22
4294967294,1451
176,7
176,6
176,5
176,4
176,3
176,2
176,1
4294967294,1449
175,6
175,5
175,4
175,3
175,2
175,1
4294967294,1448
174,7
174,6
174,5
174,4
174,3
174,2
174,1
4294967278,389
4294967293,131
4294967293,130
4294967293,129
4294967293,128
4294967293,127
4294967293,126
4294967293,125
4294967293,124
4294967293,123
4294967293,122
4294967293,121
4294967293,120
4294967293,119
4294967293,118
4294967293,117
4294967293,116
4294967293,115
4294967293,114
4294967293,113
4294967293,112
4294967293,111
4294967293,110
4294967293,109
4294967293,108
4294967293,107
4294967293,106
4294967293,105
4294967293,104
4294967293,103
4294967293,102
